Webots Project File version R2021a
perspectives: 000000ff00000000fd00000003000000000000012f000003d5fc0100000003fb0000001e00480074006d006c0052006f0062006f007400570069006e0064006f00770000000000000000c40000000000000000fb0000001e00480074006d006c0052006f0062006f007400570069006e0064006f007700000000000000012f0000000000000000fb0000001a0044006f00630075006d0065006e0074006100740069006f006e0000000000ffffffff0000006900ffffff000000010000025800000226fc0200000001fb0000001400540065007800740045006400690074006f00720100000016000002260000008900ffffff000000030000062e000000cdfc0100000002fb0000000e0043006f006e0073006f006c006501000000000000073f0000000000000000fb0000001a0043006f006e0073006f006c00650041006c006c0041006c006c01000000000000062e0000006900ffffff000003d40000022600000001000000020000000100000008fc00000000
simulationViewPerspectives: 000000ff0000000100000002000000fa000001f40100000002010000000101
sceneTreePerspectives: 000000ff0000000100000002000000c0000001120100000002010000000201
minimizedPerspectives: 000000ff00000000fd00000003000000000000012f000003d5fc0100000002fb0000001a0044006f00630075006d0065006e0074006100740069006f006e0000000000ffffffff0000006900fffffffb0000001e00480074006d006c0052006f0062006f007400570069006e0064006f007701000000000000012f0000006900ffffff00000001000001fc00000306fc0200000001fb0000001400540065007800740045006400690074006f00720100000016000003060000008900ffffff000000030000060c000000cdfc0100000002fb0000000e0043006f006e0073006f006c006501000000000000073f0000000000000000fb0000001a0043006f006e0073006f006c00650041006c006c0041006c006c01000001310000060c0000006900ffffff0000040e0000030600000001000000020000000100000008fc00000000
maximizedDockId: -1
centralWidgetVisible: 1
orthographicViewHeight: 1
textFiles: 0 "controllers/mybot_default/mybot_default.c" "controllers/mybot_genetic/mybot_genetic.c" "controllers/linetracer_supervisor/linetracer_supervisor.c"
globalOptionalRendering: CameraFrustums
consoles: Console:All:All
renderingDevicePerspectives: R2:camera;0;0.533333;0;0.0344234
renderingDevicePerspectives: R4:camera;0;0.533333;0;0
